18520
9337
25255
13403
20146
29894
30957
18495
18982
11087
28646
21468
5368
17430
29464
13804
12049
11057
15060
4051
5458
1742
15904
32711
9000
25204
16629
17972
12897
8076
4779
23135
27966
20255
4273
12873
1737
22753
16769
16854
19816
4975
7123
29998
19379
12757
19985
10852
27523
10835
6668
28246
20299
31329
6381
212
21932
27632
31598
25604
31555
16371
6730
31492
3782
25118
27377
31698
27471
2541
11393
14441
11511
27881
24818
813
5031
26151
26256
12937
2091
14097
17839
2007
30600
17768
1690
32128
30864
31370
9164
16484
28595
10225
27747
22652
9496
5373
27345
17597
237
6643
9173
3648
25083
27717
16810
5793
17021
20
32638
9637
7986
8947
26917
31263
21681
13294
17167
25108
26365
7371
11895
7709
26457
28815
24030
5133
27741
21316
28088
5332
20554
3834
13669
14755
10651
31244
9314
7249
12764
4772
32705
28414
3775
29569
5078
14070
12653
1528
11828
11991
16410
5433
29656
5111
15836
9940
26531
25344
25789
15484
13582
18397
26127
25354
4889
17626
1279
12997
21380
21766
16237
9440
29250
3548
30971
25156
14635
1059
23652
28560
19441
30739
26384
23134
12373
3257
21221
19401
9882
3741
21087
9260
26170
3489
21219
1067
4825
20012
14672
26360
32119
21896
19672
12751
1513
5513
17422
23747
12426
31600
10303
6333
17454
26126
774
5826
1111
18221
2587
21620
23468
29739
15724
4572
2726
27112
11119
21606
11917
2019
20406
6957
13475
1695
16324
10361
3487
11596
6687
1158
13660
2723
27558
7560
25299
13586
32549
10475
29767
22041
19239
10719
27583
1268
29195
16660
4025
13434
2138
10690
1053
14405
5464
2029
28528
9491
473
27623
74
4204
26966
12054
26378
29573
320
3575
6088
13669
2708
9059
26763
8262
432
10514
24508
17982
101
8541
18139
6430
1613
20040
21873
14747
7007
6591
2118
16811
192
21280
30931
3634
25564
26106
18682
19422
18358
28181
30453
19279
6268
19634
11661
24700
7519
8979
25740
20818
15522
22078
25972
6046
17904
32767
2161
31276
14066
28972
15757
16688
11809
10540
13859
2534
32729
26298
17046
32118
8623
13799
14402
28442
24581
8030
29619
9602
4572
23788
19221
21368
16105
14144
1260
960
27626
28911
9990
31810
314
25275
12717
23659
32675
11540
6945
31440
30580
8927
8005
17940
30164
20855
14232
11532
23638
18929
20327
21026
22222
4005
2113
3575
25442
20457
8876
1357
8420
18208
24342
22051
22367
30452
27406
8225
28399
4575
11956
27703
18646
16368
3694
14210
11981
8396
29917
9583
19608
12019
14608
7458
26589
26692
13559
22041
18998
24516
8218
6156
4485
7323
650
12824
23176
27231
21528
27933
31149
32405
7110
32101
13863
6005
9083
14214
15169
30702
5115
3209
13298
25834
3349
4427
17586
2003
3615
5412
22413
23126
17055
3015
28278
32615
1867
20073
28637
11653
15156
30758
8580
3647
12606
24992
17806
14071
21971
32745
3545
7910
23768
10915
22925
13920
3040
3429
28917
857
29856
18529
13198
26409
13220
1092
27742
29068
1856
32094
16519
25837
21192
18947
27676
20452
25091
24625
16691
24573
222
7794
7484
20923
15198
23556
18577
8668
23000
17464
29774
25567
28004
280
19042
25028
143
31052
17382
26899
16464
9535
14766
26911
12606
16253
25374
18060
17663
21600
14143
2063
25604
29931
25618
16501
16243
4342
20517
23015
32613
15499
23139
9836
8530
25745
19504
22959
6857
13991
12726
20483
5221
16467
3193
18084
20732
2396
5170
26943
5401
11636
31194
22709
8877
14618
24837
3869
7425
19903
881
17672
26863
20776
13023
15368
23890
11283
11553
4723
22459
23581
30325
1124
2406
23779
11793
15875
4204
11368
4351
8966
12601
28343
7979
12152
17473
29897
5819
21945
11247
10920
14750
32199
26334
12501
4456
2491
4684
9447
9565
919
28876
23926
22219
22590
18746
7479
22430
17348
12788
360
28462
21224
7239
12143
347
7647
13352
1470
3036
8276
26661
21497
3540
21164
11675
24155
3494
26766
21800
12374
12555
22691
867
633
7010
4506
8651
14231
1607
112
23550
13606
18534
19438
32044
6885
16017
26995
16842
7618
19217
28403
29067
2554
24378
17984
21900
12418
17219
9608
24270
17318
4180
28959
4330
26352
4319
27263
1280
30283
31540
20622
6385
18536
14928
21791
7886
28769
14582
3002
8336
17052
25346
13728
3081
8435
20729
3850
23322
21009
20964
434
3111
26655
18271
24724
32456
31393
2029
4342
2241
14234
15246
17574
22325
4087
26260
10627
28694
810
5810
12862
26592
19990
26198
23650
8071
299
19000
6034
7853
16850
23859
12818
24089
15115
7765
28298
5733
340
21810
9990
26358
28110
4221
8512
26930
13467
29401
30754
1004
14986
16876
16007
4899
28150
27573
16194
14317
9963
30240
32353
25774
21131
3288
24499
31117
28080
8541
5767
1321
4819
20822
17079
32135
7981
1832
24293
1360
13083
2247
25605
4409
4551
26829
17947
450
9221
3529
11846
1315
8827
17369
5630
21891
11013
3195
10138
10092
17752
8352
2069
23676
6885
22786
28177
20061
26112
28856
10780
17911
23617
22023
1075
29411
6186
32124
4740
30499
17931
27447
28024
23313
6179
26250
25841
32150
17928
3011
6865
21660
6985
12357
9915
4550
22865
19678
10013
32606
28814
25172
25454
10639
21715
3137
25524
10196
28923
13857
8522
6832
32208
9898
13536
12704
16427
21852
9667
19790
29276
15960
15967
4615
23755
10357
2562
32367
25056
4497
24546
23155
289
13605
8034
4736
5530
24860
401
21234
21378
3302
9203
30672
18715
26312
12421
9398
26330
19318
18171
6418
21192
23523
2892
5267
2856
9560
32112
24543
7258
4036
32360
19845
28159
1619
9856
18226
27486
3649
20689
15143
2823
16369
9
32234
31157
22073
111
29756
27769
18432
27425
6476
24085
8204
28320
13610
15270
1813
143
22398
17543
13342
23736
27258
8561
14085
30032
29197
30439
20824
14460
19290
30417
20842
20244
104
13671
9126
14502
1051
17744
3620
26814
27235
24331
19066
18788
28851
6031
29141
18151
27317
27182
28488
18649
26428
6591
27747
15451
8570
11516
27656
5019
4723
2601
1914
24218
14001
30199
439
24883
23609
31143
9480
19033
3263
29810
7894
28832
26646
23593
19903
14334
746
28953
13801
1235
7601
26929
3990
24616
18399
22119
9209
12596
17241
19543
27721
12325
15405
2349
10003
30237
10368
9670
22484
20090
25800
4370
25799
11610
24635
23229
18172
28510
28038
4366
170
18095
3011
13839
19910
31039
15269
4078
17108
21586
13558
22691
19966
31036
4164
4307
20067
26476
14551
31220
13745
26537
15078
31667
26614
15516
16906
30866
19891
15503
23538
21974
19507
14452
21337
15008
6170
21545
14133
19034
5697
13306
25137
24148
16065
9064
5726
687
13902
6440
293
14971
4551
15471
15233
20252
30730
20333
6763
12018
5645
8983
25493
7993
6443
30762
14938
17709
9147
29037
22773
19058
28647
31542
27122
8372
5308
19503
5603
10379
8573
25434
6484
16289
829
10067
30465
31254
26796
2774
6726
2851
6194
23168
32214
8446
27706
6106
10928
14334
27089
1427
9039
10496
9583
18701
3873
30473
27156
17692
14907
8237
22167
4618
15691
30127
25915
14046
25038
16233
4484
2013
5763
11886
4169
20050
2079
25327
19977
7563
12866
2395
10115
31012
31914
21194
4224
12424
14503
19612
7412
5044
4814
23389
8261
25918
19698
23788
22251
11670
21584
13789
20025
21389
2058
19995
32378
7699
17367
16594
19264
837
760
17292
24057
26791
12142
2202
3779
14509
29034
8373
20354
29057
4869
8165
19759
4352
19505
2466
15219
517
2799
18489
32372
28395
3011
13170
9967
7501
22117
27248
29831
14096
29370
1240
21084
9380
27138
24374
480
23686
26707
1692
26598
19466
4678
1932
12284
15703
25328
9239
14843
24243
9748
13639
1500
20225
25238
15291
4557
21383
18739
25489
24196
6901
31600
32649
3540
12707
16080
16230
20350
2843
28746
9624
4169
17623
19450
25
8021
1612
23831
26773
15788
8743
10789
4045
19482
23766
29036
22589
2879
31818
2472
1020
8674
1275
15106
31205
23944
18477
9279
26100
24901
10098
56
14578
14035
12657
24458
19285
30177
31717
10894
10082
30125
24297
32652
16020
15573
30066
16683
3649
9067
1821
26924
30587
23367
16171
29528
20021
21153
21705
29879
25510
9439
2197
13059
4083
3499
7007
20572
32520
4681
8748
24381
17606
21799
23425
29359
31844
18358
27102
32445
30479
11897
6024
7463
15828
11100
1931
2651
27328
16966
30720
28320
7494
3057
31116
18325
3552
2810
16425
1498
1273
22324
28969
13069
14603
4930
4728
13304
22533
24677
32545
31496
16367
17554
1299
16129
10960
14024
4134
2545
20944
17824
1625
13411
19354
3110
14685
8404
10756
26855
4440
19307
6898
11083
21731
484
4215
11045
12884
22478
13374
32393
28227
10998
10793
16862
23367
19491
26167
9779
32513
8195
6571
14807
2140
19558
31595
7971
31506
17834
28582
9627
13427
20598
21177
31030
11618
19372
27476
23545
7584
22168
18392
7626
25677
10094
2820
18052
22955
9715
27601
9799
28198
7802
27802
16402
14993
8466
3456
17043
26035
24830
32269
829
770
10341
4632
12188
20142
13387
32232
10469
27361
3264
7580
15826
582
11607
19401
13996
29640
4570
2918
26537
27548
31548
2277
15737
3457
207
13987
30748
5190
16823
2178
2038
2701
19103
4820
16677
208
939
4220
22802
25761
15021
5199
25158
23862
7579
27073
14976
20772
14657
26813
7940
31083
20531
16596
23349
9651
7686
32666
17766
5589
23231
22093
32238
3229
4748
25272
9338
32719
9650
32599
30632
2407
1223
24252
4817
32293
32033
30257
15909
19785
10638
31647
1278
3484
23365
31407
1646
23471
3869
17710
13338
28007
17149
17078
29516
32441
16276
25483
21571
31667
10826
15043
21454
3004
29558
938
23321
25116
29905
5732
29126
30655
21547
4052
22079
4661
32348
12477
28747
15358
20094
14375
20960
4613
13657
15621
14905
2666
29983
19220
20263
6276
17754
18182
172
21031
29474
24032
19142
31266
20883
929
18825
5132
3710
17700
21360
25921
16223
28999
3573
1831
14991
23885
12383
28342
4283
18561
26844
3383
14997
8988
6095
28235
20169
15465
21867
30512
21555
7207
30081
11072
1103
2863
32150
6586
4593
3927
16697
22725
18486
24213
6292
12722
5562
3432
25920
25218
22539
31859
22878
6312
31582
18795
13539
2320
17025
18228
27955
18783
19217
16711
29426
20093
8685
3671
2582
13393
31722
13876
26689
13003
26313
12015
3407
25640
1638
30015
2602
16497
12849
1059
10726
29253
1762
28617
12554
26841
16489
10159
10027
19261
28708
9224
24256
12513
25429
609
12081
17239
19923
21892
5425
11610
3328
11421
11598
31504
5882
5531
15558
20364
27158
7897
15517
5015
4234
7166
6892
432
3177
12834
9852
13137
16341
28466
22675
4980
9584
28821
28942
23126
27923
23823
6320
30331
20675
13798
32186
1778
13792
17220
7868
19162
28320
8157
14250
10789
12220
10193
1330
15260
3689
20180
21069
27683
6794
8588
1045
11071
26916
30266
6102
16597
8978
4253
18279
12341
27642
15636
18363
19542
13695
9986
21939
24931
21176
28278
1334
6007
24545
16652
1668
29350
21073
31246
21959
5180
17580
3551
2284
8521
21338
17562
12208
29277
7480
2038
31230
28816
15501
18541
6264
17349
19519
15773
2900
13872
19783
1518
21353
28950
98
26997
14729
30420
2057
17432
8210
32291
26276
23283
4800
4762
11515
8443
2245
7797
27885
12001
3356
16788
17508
29242
16666
6599
5256
22492
27974
24648
14643
30091
5226
137
21669
30421
15594
3120
890
20794
25685
12384
3289
912
20794
4155
25325
25766
14141
10405
1945
17704
24937
8522
10599
26818
22216
12002
3266
6792
11569
27316
5478
24726
32354
17240
1044
4851
13135
27330
15498
22972
6585
25980
10162
22142
30721
7987
1562
31971
4927
10357
18084
24209
23439
441
13695
28239
12971
6048
5973
32361
191
21626
1222
32342
2936
27404
6678
15257
17246
16017
20258
10725
31589
3070
2969
30340
16062
14474
19304
27386
14579
26990
26486
25317
25651
18665
22162
22823
29163
7304
31402
20551
8598
4260
20029
6677
31189
23852
1554
17037
6082
10149
31531
8702
2177
18030
28917
23148
24857
18761
3009
17458
2178
27415
2935
3563
26624
20707
7817
5011
30127
14882
24871
12522
19806
1593
23730
4889
19360
13120
7026
19864
24353
14854
9355
13903
1079
27477
29741
19708
7865
12919
17420
12756
9748
24824
14352
28525
22427
26542
17229
7131
25375
8439
22837
5402
17856
4162
16140
23724
18178
15057
4509
22146
19492
32189
21292
28448
30125
1338
5547
27901
15175
18716
5425
28968
31184
12954
22183
27441
10159
20306
7877
1095
9060
13710
21821
17822
20579
32198
10293
32276
30243
30054
1019
11027
5490
28368
13044
26809
10251
21157
14806
11574
32362
22081
17431
21366
12255
31620
13478
14593
20706
15832
11992
29471
25510
4207
11173
24383
14065
4557
28436
4761
10026
6279
29172
27923
30132
32074
5069
21345
10874
17950
10518
21617
13259
5868
14760
15878
14441
2878
883
25763
20444
23879
5488
8874
5388
32291
5846
21189
18191
864
3729
18821
27712
3516
16112
4681
11153
3376
27038
29538
20514
1582
4051
32116
11026
15400
715
10783
18325
25937
22648
19935
9542
19367
6260
24881
27839
32561
13625
25848
21095
32133
9620
26142
7052
29326
12887
25726
31154
30348
19535
8450
12330
27996
32373
5896
14310
27386
20584
9483
21899
16708
11547
10367
21960
6913
8651
4348
25575
18465
2357
11935
11937
8006
30469
16302
20279
6276
30609
378
9918
1381
30663
18570
9658
2609
26980
25589
12783
15468
30568
20496
7796
2719
24262
31817
27145
20828
16223
10323
14250
16764
31025
7300
13669
31659
27084
16763
25960
1319
7686
23301
32094
31172
19440
27202
20476
7988
10505
31491
29910
15749
28849
24695
8824
24811
12000
9479
28338
26816
8983
12670
26931
1993
20375
28525
17497
6587
2258
27342
72
29181
6431
14055
19514
1968
19633
6769
4630
8941
31178
18170
24643
28493
22828
8072
9662
6063
17105
21119
29802
20277
8923
19140
15784
27536
15054
15395
15656
29822
765
20206
1535
19600
16450
12007
26105
22321
8690
352
4912
16356
31760
1697
22493
18125
29121
27274
12399
13939
9216
2170
4058
26308
14483
9839
15922
29018
19774
27502
1400
31484
11062
5413
8372
13928
20184
12495
8515
1103
6043
23384
15987
21666
13380
19649
17229
11532
8025
12999
3762
30912
16343
7871
22954
1396
551
2757
14328
20909
32079
14869
1778
4158
30822
30905
16015
1291
25674
32357
22722
7955
7573
30879
17158
29614
2764
34
3642
32530
27354
32133
20656
19996
26557
16664
28289
30030
16768
21007
15395
30996
9577
14562
12093
2891
1395
18675
4537
16899
1022
11634
27419
11140
18374
15741
5138
25488
19474
23436
10317
3560
302
25613
19088
23058
20762
28491
28423
29784
23684
27284
8154
2068
1012
19611
28673
14123
4423
26907
4186
10968
5470
10173
15097
8619
19991
8764
26815
7889
10364
28103
1326
7829
13115
5031
5243
29735
5463
32033
32741
13468
23836
22174
31814
21303
15192
11785
16104
21223
32456
20601
29849
12560
25553
11024
12034
28046
3184
13091
15412
21496
13428
6554
7300
27169
30187
19866
2713
10213
12762
4706
18883
23586
28977
11379
11918
25348
20989
27124
5528
4486
21728
2644
15519
31285
7870
18737
12766
28471
698
4217
19866
25997
26721
5583
27128
7573
25124
26416
19729
13523
2060
10966
31048
1264
27305
5724
22492
29699
12876
24868
29113
6672
15990
13814
10900
24526
22927
26601
12854
31406
21723
28295
8216
27160
8363
27948
27953
23032
13520
18863
16396
3705
23893
5700
16157
15632
16238
21153
23893
30397
10923
18528
21748
1934
2673
1701
17567
28516
2987
16640
8882
22521
19133
5525
31447
11298
7609
32378
10712
13394
20182
29280
2993
23648
23326
30838
20458
1674
2406
13194
26659
4025
28035
10353
17649
26887
11195
17322
21736
27262
4218
25150
31225
17186
20550
25066
26879
10802
1013
31872
10132
13740
13598
29323
7209
31247
3789
18738
25686
22372
1659
8031
25966
6015
4413
24096
19287
16771
14651
18509
27032
18084
10084
11627
12980
27697
30048
17360
14775
5841
23494
28168
29198
23309
4240
28536
8603
30478
27084
21569
14601
6568
6292
4199
1629
6808
4159
6707
30158
2058
28121
981
21719
11615
29649
22606
19338
30508
28146
16269
39
22662
4500
11736
6381
5501
11796
8814
4144
5862
16769
14699
3756
11102
17816
5355
16409
22923
18675
24946
22016
10149
10365
31116
11468
31797
32041
27824
18212
31773
4580
28010
4984
2521
30152
27322
12250
18948
32402
22711
8208
20766
20310
27767
10727
24204
14193
20275
19402
18656
32192
3239
402
32603
27663
16568
19360
17584
11988
18521
11305
1803
23838
31151
3794
31058
15560
10099
20093
20907
5874
29593
19810
20798
12465
13615
21345
31036
15366
30087
9878
4384
21773
18584
4655
25141
24439
1186
20346
19544
22586
7441
1346
6143
28551
9380
20828
10618
32509
15054
4221
31097
12316
26717
22607
30415
26364
12121
22467
13685
17727
21039
4520
3794
22852
5646
9597
5945
19869
1170
6787
3252
11460
28832
24855
8960
3337
17041
32319
20696
14543
20370
5507
631
9976
16458
17662
21848
22430
19134
1972
16704
26884
17266
4646
21118
30924
18897
23844
22897
9578
5071
21219
13132
17368
7373
21071
4118
7563
15293
31906
23029
19111
25734
310
8619
31855
6314
23447
13409
19455
19238
14301
16036
24893
15258
28985
8365
1549
3241
24269
22501
31172
6563
25281
8616
6368
20321
28563
15177
11510
3185
30638
25431
30955
19572
31551
31
21863
8899
10308
3954
29063
18521
16613
17321
3026
16621
15368
29157
14191
23390
21536
13724
405
4436
30789
27985
2882
2597
21386
29858
27440
17653
24203
16264
27653
11810
12101
15067
31433
9183
31531
5652
22942
11806
32630
23127
27307
28084
17340
29361
10074
1719
27332
2462
6083
2603
1433
24526
24168
8926
7389
40
11298
2449
25696
29968
12379
1112
19697
25317
22910
30020
26740
11214
31148
15422
21557
183
9137
28726
7548
918
21558
13182
21602
24307
15159
10096
16610
30375
14776
17239
28211
5604
26548
4749
85
15989
13911
7648
2027
32071
621
1082
18504
26665
11033
1666
9164
10448
202
2749
8817
14622
8299
23161
18081
13476
3802
8299
9291
25445
10396
26967
28213
25052
14799
11312
28052
2625
21087
7553
6106
777
10877
21003
14031
5804
11085
29871
22243
14506
28639
5007
28610
23504
21089
18545
31530
32183
22931
16484
28153
2959
6779
26277
18315
1050
25177
14019
11074
31483
15581
31234
14438
24881
10904
29693
5168
14047
7089
17040
23073
2638
729
29941
26264
26676
5248
7725
12196
8503
1609
26274
8215
2221
25276
24842
10460
4262
17724
9870
31882
26412
4664
32300
10552
30921
32677
4954
1172
31818
427
32748
7727
27587
28574
11575
11291
3795
30001
20599
9656
31273
9190
1646
203
10311
14537
21070
17616
3974
27230
985
26770
22875
21208
18631
11768
7896
19083
28008
28706
20086
18084
4234
6068
7953
4120
20125
10610
13364
26330
10261
8974
22423
25937
10000
6717
27622
14345
2105
21008
31940
32169
27372
14978
4112
25381
19611
3662
7271
20532
21360
771
18666
14341
11315
16217
23105
25133
32623
3014
28896
16357
16848
29005
31880
8562
25552
14999
2321
24548
9362
2884
18536
20227
3086
387
32212
2951
20591
5600
11901
31111
10937
11614
15150
1844
24239
4550
18266
1991
31220
17470
4445
15032
3696
24093
8197
21297
27637
29694
26961
5058
7459
12052
22136
21078
11145
4285
18733
30822
28428
5209
1570
21356
27789
9052
10443
18843
1990
4002
1124
18125
3189
2051
5685
30141
21181
15144
27925
6518
713
7324
10797
6923
15282
38
32510
8073
8611
32599
19622
14890
5947
23903
18526
3787
9778
23845
18760
30880
23360
15766
9064
2343
6458
20540
13295
29530
10111
24083
704
14121
32658
20121
7469
8487
7688
17701
3585
29316
23205
10361
5828
17723
3010
18586
3642
140
30961
5856
2093
29101
24804
9289
10860
23741
5771
23058
21268
6649
31101
8329
29710
4914
19865
26653
18393
13695
13805
18615
17290
11055
22231
11085
27153
29185
25449
12724
25789
8600
6674
20661
1283
30249
29819
20580
4987
29559
3760
9901
4139
13313
2432
24624
18440
14457
27686
2895
25530
19321
18729
22916
21408
19826
10880
27384
15636
31973
2298
30802
19696
3797
21213
20173
4944
11132
17869
21134
19610
9021
8176
31540
15292
28634
27728
32432
31157
21991
28289
7767
24151
14974
29059
18997
26187
309
32233
3749
14933
1613
15163
31
15321
2348
154
6480
15007
6925
22690
16240
14291
26103
31893
24784
23120
24555
2741
25010
30750
15970
31729
19294
22840
15863
7364
29042
6035
4704
3419
378
16477
4770
3318
12480
6786
30085
5264
31846
13941
12870
1218
12209
11053
22925
27365
9384
9326
31390
8567
29406
9801
26835
20415
140
10726
30026
3252
10722
30593
28891
10524
29343
25011
2637
25841
30176
17907
23753
5128
2101
30300
17038
30197
16378
28849
16359
17705
22501
1694
6746
16733
8155
23360
28707
14644
28680
23016
25569
22299
21038
2588
12430
13684
21821
25823
14772
32245
16165
3891
27614
6218
4328
7643
333
11266
4339
18021
32493
31144
20398
8552
32136
20272
23122
25099
4920
7062
4091
9926
28962
26049
19710
18285
2401
10925
24700
17514
20801
26313
55
15177
29614
20126
11941
1147
2028
31410
18243
24147
8328
2732
9516
18773
18062
952
6122
31152
13564
28205
6796
521
26743
30318
248
7034
22333
5390
3971
11995
25947
567
12479
832
26912
30796
15764
13762
21457
2509
2963
24195
21150
3707
13702
1772
31701
27581
21068
21817
23638
15427
3556
4408
31047
6889
22727
26189
6664
5342
8571
1722
28265
1797
19557
5149
25883
27291
24031
28986
18021
21787
2698
24827
26392
12126
8677
5813
1989
26631
1823
7085
13357
9502
11306
11739
14073
14587
17169
31726
30124
24166
6539
25232
18645
32764
21200
3818
9353
3797
29611
10859
9488
11363
29905
29637
21471
11165
20337
26937
14534
11613
14348
26645
2923
23559
31623
25979
6391
2668
12927
9315
12815
14830
16092
3299
13574
19428
18345
2223
2129
25152
10019
2268
6459
13167
32527
6377
13018
21888
26449
8959
16705
17545
27323
18808
21751
10310
17955
31135
31400
7428
7608
7094
15131
957
7318
1086
22372
7557
12951
2674
5467
30244
25708
26645
12364
25093
25069
18029
16880
4943
22190
7312
14236
2641
10451
17118
10169
25891
6693
24527
7028
21130
32613
4591
8374
11293
480
31526
14423
31654
8003
4413
29839
28619
23473
22430
23469
1006
23059
26203
25355
24401
20143
25202
5697
12158
32765
19280
16025
486
18869
16787
7875
24776
22061
11028
5834
14164
482
22565
17479
16657
7508
3607
29397
2172
280
6912
28868
14578
10280
22202
7186
18383
17533
13615
15254
14552
480
19924
30847
470
27389
31860
3069
20868
9401
32559
30014
15787
29637
13762
19356
7308
16499
26121
277
3454
3273
10690
10491
29912
4309
27027
5868
28433
28991
2383
27141
32550
17445
10613
22611
31804
22562
8697
20106
647
29104
6727
14330
27498
29361
25222
702
4320
8264
29209
13367
24602
31469
12140
8633
32618
23745
25837
8579
2911
21022
1880
18421
12082
24691
12600
1277
7264
12111
30635
13779
9625
18363
31845
32486
217
24013
24823
534
29909
22650
32593
17699
30104
2988
2950
23653
29806
22676
720
11710
26369
10306
3028
24526
18882
29811
11303
18789
8586
21162
30480
30014
16513
13698
6544
3562
21056
22594
26527
17930
29490
2226
20153
4289
22336
17197
20889
15977
17325
21752
28997
20869
24638
30930
10058
8183
9119
8652
21833
5236
24322
26715
19890
9268
11529
19884
22992
19694
18406
18743
24838
12035
2753
21655
5464
6138
8793
27033
18732
4396
12527
9875
21074
18112
26976
3319
7747
23258
26001
3623
23462
30992
15375
23179
23833
15902
6391
9954
6445
18394
24084
23509
27570
362
3656
25554
31798
32692
2093
2839
28104
534
21499
9741
15362
27479
2221
29144
26950
18142
3167
25388
25159
11810
13307
22370
15051
8802
1556
23499
10160
11926
9490
32580
23085
26021
9360
25098
8283
4312
19970
30672
28404
8847
6299
12303
14426
16691
22638
30878
13531
32363
26835
20098
51
3731
22028
20743
12370
5226
18984
2832
18784
21770
16680
26283
13055
26654
18529
32488
4816
14415
19745
17388
12344
26623
16021
9537
17764
28218
1770
13936
24970
32745
8115
466
16498
6473
17803
32163
15158
15260
3835
22360
13894
13087
27294
2354
12462
31035
18562
28180
22684
1791
29394
18322
18716
11214
22962
27210
21799
15445
22123
1143
988
11712
10696
12995
8717
28974
14784
22365
3325
9058
21076
26444
6760
25787
28091
8707
16836
28006
18365
26421
27335
12754
16477
7914
1321
11108
20922
26579
19883
6509
7479
32730
25688
20057
21466
6910
6155
23849
32242
7262
2865
15139
26109
26003
5584
10695
10952
12355
2249
32006
15576
9715
13914
4527
19209
10781
25574
2090
25205
2691
2297
5992
17815
2498
32647
3098
16049
30762
2420
18465
29034
20173
20313
22086
28604
214
15494
26156
5645
30493
23619
17538
29340
27128
7260
9085
15391
3411
6364
18310
7083
17155
21784
27696
19923
18263
1519
30060
24340
3056
20817
16640
1905
13523
9982
11317
26970
27581
5776
8656
14290
32183
18108
17476
2001
30441
29141
2086
20711
12467
2961
21217
24867
1530
29712
29099
18483
8640
23578
31928
32204
7160
16041
31405
18253
22680
5031
22615
8351
23791
8184
2205
11359
3897
1723
24755
28479
5233
32717
1169
23209
16486
22415
30628
27302
19473
7146
9667
23295
17958
6800
30820
14242
29161
5252
19472
19526
2115
19164
23060
14162
3861
18630
27258
9211
15052
3785
25143
28589
3638
845
422
16045
11412
19550
26421
17404
4592
30381
10847
16510
9648
3543
8922
32091
23404
2538
12305
17830
22013
13862
5332
9021
16598
29952
15182
25328
21400
1389
30008
9189
13280
11612
3149
30266
10595
28036
14078
19693
22590
8801
17766
18169
30087
13945
6784
5058
10792
18916
17816
30387
6125
29451
20479
11814
13531
31920
4867
16772
28868
17711
10782
31405
22808
8963
21870
3738
12030
29323
24677
14657
9123
12558
24770
20664
11986
18686
25024
5022
13254
29561
20365
14007
26684
21269
14077
30166
12748
11229
11648
11264
28024
23703
30034
14030
21894
32073
12785
10515
31115
18171
16596
4287
31945
10429
2650
21507
3770
11756
24321
27062
20973
6578
13528
28920
9489
23500
22839
27669
592
17040
27309
8876
26846
3630
12090
28432
1233
18742
6846
31470
2355
2650
6578
12080
28757
886
29718
23330
5735
461
23722
22227
25158
17301
97
9407
28821
18103
10771
22186
29967
29904
20082
14799
17947
20603
5183
3642
18081
2002
11454
19827
8733
4146
4199
17500
3826
12095
29662
1116
2816
5416
2341
28605
18040
27693
24849
25939
12527
350
250
20319
23730
27301
183
6578
11354
19974
17609
21270
32416
11814
10455
32233
19570
24586
11867
21515
27974
3618
922
507
30126
27782
30425
7484
25644
639
10702
23038
4168
11593
6485
17402
4065
16407
19812
32414
1729
25944
17729
20586
5236
9529
29682
32154
21593
13675
24822
13829
9209
30246
16690
6725
9112
16494
7214
7192
9482
27029
20865
15878
31944
8193
4746
30276
26947
1327
9313
14553
1144
10488
32269
27903
29637
18963
5880
20940
18939
32732
31136
5649
20404
12627
28302
10115
9703
32104
21388
32024
30393
30838
29459
24756
10390
25357
28675
31749
18305
15860
6550
11435
6312
24430
15255
25501
3132
28093
16079
5064
383
25317
11713
29689
4383
32178
29079
6140
20930
17404
23387
9478
19170
31274
19818
9552
2523
13301
6438
16133
3394
25199
25836
21086
31353
835
11846
17163
20864
21822
15457
28886
4878
13838
5825
9091
3297
3402
21555
28154
16466
26803
22019
19624
5932
11706
17264
802
23230
1090
22877
32011
8495
24230
25161
13881
9490
17150
27265
28179
15162
14750
1172
10813
23248
1248
12808
19576
27554
1572
17483
16323
20158
29716
18924
198
21824
17965
23563
1393
6504
31099
24591
18401
28144
4771
4503
30851
22428
295
26802
7035
17682
18406
12370
5447
30956
3810
24830
27295
23052
582
5064
14240
7727
8872
8575
8746
709
27275
16933
19335
2049
27944
16547
1357
25132
21102
5820
19845
5438
21575
1344
22028
28335
8477
31874
6970
20875
18333
26891
19906
2245
4026
14480
5081
5069
25845
11042
26011
8548
13788
17573
2218
11440
27857
29315
28440
28811
26125
14754
32135
9505
1765
147
31886
15290
23115
18956
14687
3284
22167
29592
6567
11381
12424
19597
9910
22719
24453
6462
21472
14021
14121
22131
1059
20893
14847
20758
4874
4023
2442
26159
25808
4716
6025
32531
16841
13274
31864
7639
254
5872
5978
3595
17943
32197
23222
3493
22143
23086
27360
572
18882
19599
29049
3703
6458
1265
19001
7108
21226
14933
27884
11341
29610
11336
14523
2344
11397
25272
1197
8397
5983
8198
6510
10702
7898
14684
30798
24002
7547
18753
5004
24706
30729
28779
23509
10137
14134
6356
18184
30197
25730
28432
13372
16355
11867
1501
20740
2874
6025
22524
25586
8149
13769
7231
8281
7239
17336
8164
26455
17099
2547
6945
6675
4730
25469
13312
24900
193
24929
9069
3571
26385
20888
12429
30593
30936
11564
30290
31467
21937
12702
10061
32589
3031
10630
17347
9125
7904
10361
30210
31194
26280
15919
2293
29437
23179
25829
11511
24782
7383
12033
32485
12418
23168
30709
1399
17091
21270
7269
6352
1273
7413
32140
26707
12232
31164
21468
4793
20185
20224
5348
1120
30174
5953
28791
4070
18128
24348
10507
29943
11643
8899
19295
18787
29757
8107
2401
30836
5643
28292
15438
19582
29108
31086
21019
14007
17002
8810
10772
18761
382
11790
9411
6054
5483
18046
27411
28956
29206
10903
12469
10665
3668
23917
30147
25872
21165
27128
2979
6188
25952
3850
24879
13445
30630
26500
23058
12833
30779
25290
13685
27549
20251
8564
18396
124
1673
2631
3146
12734
1366
11107
20652
27828
15968
15293
372
30740
31065
20688
22661
30537
6346
7312
29519
14348
343
18336
5179
32312
1604
15300
4937
16858
32568
29337
16887
5000
27457
7300
18022
6901
17689
13288
12728
25538
27816
20636
21948
27798
18889
20380
7629
11376
3153
8958
28407
572
11598
24104
21340
17061
5516
21057
29910
22571
3422
20197
10974
10613
22938
23325
8109
14824
10726
31374
20640
14456
15410
21232
28129
28862
22918
17858
23876
21067
4094
21052
25711
573
19987
21382
15934
11024
17179
28455
8038
32438
10515
18368
28248
7913
23453
18426
12904
24512
24645
6589
32302
6272
17416
7587
22828
30389
29207
30380
27826
1922
26584
32307
30719
27446
27182
13344
20393
26399
8186
32608
27711
18851
13794
21138
19500
21644
28497
2307
11486
8612
18622
4061
24360
13698
3890
12187
15077
13475
4356
2496
30175
28349
19431
7881
25071
13391
15400
28768
22117
10877
12592
5074
18601
4379
19280
18627
22563
12040
1726
26657
20825
22717
30682
16214
27735
17701
7350
11202
19028
9392
26582
2664
30354
11939
26676
20455
28294
6322
12935
23725
30009
11472
28613
24935
13806
28998
13543
26555
31237
5890
2028
21306
30239
8754
13856
28304
29315
274
24478
22782
21185
1282
23572
26635
16533
29148
23750
20854
32269
6020
28630
12654
8942
10689
18626
16645
18773
19019
29230
20707
28058
31013
19684
23607
1401
24364
25
18420
4724
9969
16114
8761
13171
22468
1862
30224
31150
26385
15782
1884
1228
29680
19098
2829
10828
24823
7470
12182
11301
16466
13997
2465
17065
17942
9133
14593
32175
13523
1611
23016
16625
30825
5560
5722
24499
25372
14069
27617
7078
16618
4826
31107
2827
13595
19805
27121
10779
5659
16913
19969
7079
15237
27117
31582
23804
29312
20047
17278
28937
3150
11584
5845
18116
15138
13050
26697
24265
12594
27816
25829
29764
13838
22636
21457
11538
9776
13990
12930
5411
4308
116
24878
26915
26634
10101
29571
29785
30473
723
31128
1487
4806
3456
21796
16563
14533
22975
28398
19453
4143
24039
24708
9554
294
32355
26160
6952
22101
30974
11560
12844
7371
5470
20997
31200
13833
16077
9078
5257
20569
27456
32054
30280
14690
29585
20283
8071
16122
16656
9521
22166
4667
29754
16934
9366
24793
26824
9351
6551
6322
15084
1611
7165
2471
12759
11630
18216
22955
13182
8353
7508
32537
9630
5184
4285
13643
24573
9092
10247
8040
5108
10746
16862
3453
19754
20787
15322
6096
28578
9917
165
1137
22264
20051
16735
11025
31463
9297
24129
19223
15631
25707
17025
2033
17397
10397
14198
32680
1868
21605
29437
12216
29043
16433
25883
7198
14910
14611
2276
27826
24313
10428
15515
29879
23466
31144
25882
22705
2455
2966
24692
18038
18184
19515
3034
29576
19534
18487
24763
21922
20996
18504
27951
18833
27797
20158
11158
7237
16639
2351
32124
10792
30422
2667
19905
2223
2955
24754
7670
28206
27374
23589
777
19440
28914
6523
21797
20103
14512
9461
5844
14433
23727
18836
22375
19100
3171
24713
5271
12315
6899
13549
24428
7898
27456
20402
18526
9086
23842
16346
22203
19249
8180
13030
3912
8108
3668
29074
20011
10645
30500
5311
30728
27916
30676
1713
18027
5249
19428
9338
13158
15816
13732
5046
18555
7535
25663
8313
21691
27727
31479
14214
20016
21345
7602
20674
25209
18899
9910
24040
31412
6491
27057
4477
13985
31948
10236
4615
8963
3303
6688
28026
12106
28531
12954
24819
9840
31888
32219
18600
12065
20040
17299
19487
5918
28263
19759
6815
28131
5772
30112
19429
12936
13953
26207
14615
6373
13512
9646
25086
10745
7542
23072
12911
17293
13125
26459
15370
15124
5860
18461
14376
10198
30865
18813
26126
6221
2026
2932
6503
14031
5632
27291
3313
8558
7598
14134
19830
31005
9769
23922
20734
27668
13271
25323
3651
16245
15205
23921
10341
7215
19220
18188
735
8994
24147
21309
20922
3205
3987
10631
31232
22149
7255
10542
22132
18223
28554
6719
13440
17808
9750
28624
7535
19995
16818
32649
16348
1611
32251
21092
3434
13193
31687
29360
24758
6479
14006
23388
16266
654
30986
27762
3412
31309
16824
2274
16854
30611
20670
16769
30750
136
19896
12625
27065
2263
15534
28419
10788
3926
13617
14266
13955
16105
4006
14098
11669
5796
31969
4193
17384
23855
15350
3389
18505
25455
25163
5438
19583
23138
27122
21252
17977
16459
31286
10876
15428
10512
7796
25696
21505
26080
24365
13053
21271
20504
29016
29753
26981
15208
28669
21716
22331
21298
21503
14574
17353
26418
7738
3530
22487
27492
26573
26833
28855
12066
19641
6106
32632
3981
25772
1704
26717
10543
15895
7604
30349
19679
3974
32301
14348
15332
4913
16190
21994
28509
16590
4239
15547
28384
22954
26126
10567
31329
31480
4335
28034
2901
10857
27121
446
28952
4349
28900
13855
3212
22552
1384
6223
28420
23768
7415
24948
24672
11686
6694
95
4217
1547
10535
5126
30655
15557
17811
27189
11040
22555
19814
22144
10028
15469
17740
30076
22135
10511
12827
12335
22335
30552
11168
5060
17487
20469
3230
20867
1315
19075
25620
31489
26957
11102
3007
20116
4888
13235
2016
10250
30058
14301
5183
27035
26863
28654
624
28955
7283
13963
19797
28021
25744
10750
1508
10324
11914
25478
32042
6179
6775
14577
20368
20024
163
15469
13662
5452
26162
28316
15485
21551
9479
22246
20353
2233
19173
30227
11751
28420
29652
18201
14746
10456
9159
16946
15804
31079
25467
5682
4772
26939
9378
3096
17187
26220
12609
18659
5900
13590
10839
24999
9971
17418
22975
30175
23860
14788
23383
17413
2104
19870
24930
27744
25075
16707
6187
22046
12465
3685
27884
27298
25875
7347
15341
6943
22868
5125
10736
25702
5585
7898
11469
17660
16073
12549
1882
22896
3937
9891
15501
4843
1515
20304
15845
15369
9575
14747
22789
16359
28746
21175
10403
26494
127
11891
3232
303
24748
2923
28024
9886
2742
26496
20189
5316
12167
14471
30111
19008
11279
7486
9423
24558
20360
6788
13860
20411
22271
14537
4509
7608
16912
5571
18536
5997
25841
15970
22275
7535
23474
25863
21153
11061
17090
18417
1487
4391
22710
23543
16471
5368
27974
3965
24165
27702
16792
14753
19176
17695
15810
2485
315
20919
8074
2802
20997
2327
1647
4202
28510
4872
238
7487
1075
4560
32510
7443
23275
15948
19933
191
22346
2623
270
4936
18326
15594
27811
6927
20729
15837
5304
6983
31527
524
13888
18860
8000
20261
19716
3186
15864
18721
15080
5244
245
32282
29808
26575
27513
25692
22148
28742
32320
32446
2416
25223
21164
6963
5423
4405
28959
24476
2793
104
26280
6368
26554
19802
24035
63
5301
15971
16154
27363
10281
3879
7088
6072
19490
19726
26816
3966
28211
22516
19713
19229
7283
23330
1517
5176
13254
21117
10274
21508
17246
28670
16136
17499
18817
30050
4020
14092
11660
22051
780
26486
6968
13734
31532
2645
8988
5558
6153
4059
17523
18737
12116
19459
17440
32513
31650
31010
29935
31054
18121
18622
21790
17650
5005
30372
9500
1326
2684
4661
23440
10139
11798
29185
6813
5219
6705
1431
2660
11952
21148
31130
15563
14693
25859
25112
32381
29709
25106
24344
14643
1040
29149
28530
19249
32301
1920
26084
30739
9252
30722
13409
22217
10931
30848
428
24801
7108
18311
15654
1796
10469
1473
9445
28356
504
468
29189
15765
1068
31623
8003
5400
21804
8743
32199
9376
16022
21033
3138
29679
23982
22032
17465
19264
31572
11921
20897
23691
8243
9717
26795
4612
14652
12992
11745
9700
24659
28048
25714
26477
7495
7751
22218
20776
13064
9324
11622
21618
19732
16079
10215
32310
8499
30316
27749
22780
22884
12434
24837
12323
23063
11333
17358
6250
14492
28384
29880
25014
30172
25599
9734
22031
20807
13467
26326
27115
18445
6519
15351
16815
5265
11451
15098
12403
16923
32479
23436
5125
10444
29387
29443
12849
26072
9533
3638
31552
9199
25450
7570
21951
18428
29928
10090
22402
22034
15563
29839
4072
8867
30223
27425
18271
9204
3894
2980
22571
30669
26929
17494
1124
29045
32132
3776
27966
17374
12198
2956
3982
7196
19878
4246
27017
16411
1044
23878
11726
1426
18719
26908
10151
13619
763
140
13451
11813
28038
9229
30440
23987
810
23917
9760
24390
27909
32615
8145
22672
15943
887
7770
26123
32476
31213
14491
11170
18764
16449
3836
23981
32735
29094
18864
22051
23812
17889
19515
2571
25331
21084
16945
29492
28306
24950
26945
16934
29077
21534
15475
27736
6122
16800
25774
27300
23636
18878
4733
15351
20566
19715
9490
77
6994
32596
17036
16349
29938
2248
17781
12944
7879
10426
9103
7096
8496
3868
12752
3583
20350
24589
27051
11165
22357
5550
5009
14031
24405
13362
31416
1668
30970
1077
3611
13145
27073
18255
4802
4295
3981
6888
19267
18075
25672
32078
14473
7847
25805
10500
22484
23224
24326
14942
513
9928
27473
21322
20492
31604
5417
12657
10451
1200
30466
27263
23580
24761
19828
17086
28378
19275
17820
20970
31916
2325
2752
27201
21159
10090
22321
30169
10069
25657
3190
15926
5117
21055
5798
21020
13093
3451
7958
32162
2134
5090
21044
2184
5407
5717
15539
11978
16220
21968
1001
1909
27833
24804
32117
19898
30577
17767
27172
16449
24668
2666
22550
2752
25128
1643
28700
28107
18918
26060
12901
6382
14537
30084
26202
27385
13099
1557
16838
3227
8401
31422
2874
6450
8816
22769
15280
18914
24688
27655
25454
22244
14063
20787
22061
801
25353
32692
25211
1536
5463
8527
6238
18300
3509
20221
25402
8825
9289
1505
31476
8536
25537
26748
28760
26825
6363
8228
22712
17632
31531
29362
23766
3180
21273
24700
12037
20100
16681
24195
11402
32354
2687
237
11848
4469
3746
10677
19613
17329
19072
4001
6791
30250
3250
12660
7179
23521
16130
2405
31703
26845
26922
5329
17446
14206
20703
1069
7908
22543
23310
10046
24850
16026
4710
27020
25965
17152
30486
29460
31306
26440
31704
16701
26309
22584
21550
19469
19226
23586
30699
2973
24659
9217
32758
29130
23332
12997
16459
11310
30227
20202
17218
16975
26331
12879
2580
25621
17171
27718
13979
31874
6155
10727
601
23709
14839
22699
9916
4783
3663
22326
6816
16818
21877
10355
18710
3335
14233
23782
9572
27751
6362
9790
16461
31772
30893
18730
17042
7537
24707
24942
28856
31591
9638
11318
7180
18345
612
19626
9445
17346
19056
16066
29225
27278
16005
27740
530
19950
17228
6284
30770
31936
32640
5427
19637
1295
9552
30419
231
26246
27397
15009
31990
2347
30436
4828
31480
3146
16982
19806
9007
430
14406
2161
15756
26903
4811
10723
7283
32745
15367
19549
9406
14626
13903
5872
5892
29070
20363
13041
32283
13374
9184
21511
26331
9014
13197
1666
17701
22630
4115
14318
10788
21212
25753
11752
12243
17463
23950
24369
15808
21087
13200
25345
2831
8563
23949
27294
449
14851
11816
31020
26423
8064
24670
19911
28145
10992
22377
13263
5276
32230
5604
11651
30284
8626
12337
11474
28678
9941
15896
20077
16257
22712
4016
19233
32557
22941
10627
4964
9077
15061
19437
18734
23873
25907
2501
3082
1472
26050
12863
19308
30564
29363
4625
4933
30766
15513
20437
1749
6443
24537
26543
32192
12095
2651
2607
30565
18721
10630
25209
22635
18087
13420
1955
9884
30020
26177
7518
14071
21967
32018
26585
512
28549
20659
22242
4699
21586
22010
19535
16793
14924
25130
8604
14162
20096
17074
12501
24180
9458
32024
25782
17626
27103
19248
5138
6433
14405
10129
11377
15031
14758
32329
28669
4148
29448
21968
19103
6126
25408
1083
613
26311
22128
17586
18215
2378
4815
16676
25962
31479
17064
25657
8324
10202
16294
1929
30721
11363
9038
21003
23622
18289
16589
23248
5748
12976
27636
25585
26511
21797
12673
16838
8928
1031
25760
16984
18327
17873
9649
10521
23989
19349
17996
4819
6697
5267
11906
21983
3641
28682
10086
12951
26148
20814
11981
26637
31494
10779
14417
254
15355
16169
32668
27905
12935
11008
20451
14852
9782
782
25776
505
9087
21239
18405
24781
27118
25132
20734
1690
1411
30655
10646
14877
5973
4214
31532
24426
4474
15134
10792
22238
27179
3873
16921
18518
2596
29019
30529
11934
31306
6954
24915
14125
5264
6084
21371
18959
15387
11214
30111
20002
24741
23338
741
32133
20767
272
20853
24142
8602
11872
1920
13179
10343
16950
8577
31276
22141
28863
11714
18191
28444
11340
24866
6171
25264
9381
26903
28289
20728
20640
7919
17631
30311
13810
91
13751
2251
25412
4397
26145
18220
20618
2657
2236
16631
6544
31322
3306
6236
18133
14959
20029
17396
6301
23974
22572
5031
2114
31935
4619
31949
29643
885
26426
29075
10175
25344
16284
18336
15164
19934
23626
29177
29251
24787
27785
4642
6742
23855
28410
9351
5445
22607
13073
19482
1605
1126
3784
316
21826
30334
7317
10209
31862
3513
5529
20719
21563
24541
7194
10984
20765
20239
2611
26057
26676
11487
6346
3634
3505
3717
29379
9158
438
13930
2163
28373
24427
14059
14168
22841
8782
12889
6663
20093
5578
23620
5221
26437
25356
8185
28698
25577
12562
4169
7491
14948
2820
1164
27495
15213
200
1766
20141
4835
13777
30665
1356
10094
21047
2747
12610
7524
2573
90
14921
233
12015
16797
3079
23387
32730
16476
1157
14317
11072
16659
9954
23441
14172
29155
26185
13340
17604
29401
7456
17060
24381
13171
1154
1325
20690
18784
16368
9093
11048
9352
20803
25453
31500
17484
2277
10233
23118
21007
17985
58
21458
17653
7288
2330
19940
29418
12118
9862
28364
13031
23684
22483
12194
29808
1279
11098
4452
28770
2760
5478
10310
22251
22238
11857
29001
7898
31593
7145
9743
23065
17976
10776
750
13175
22381
22213
13123
31147
4215
21749
22537
23446
28481
19254
23722
14793
10665
20797
3604
12615
7476
28878
10256
17292
26368
11740
19663
16334
14330
23026
6854
20866
14672
14033
21693
22562
5418
11355
20514
27694
30613
5551
7586
13681
7103
27030
8187
30341
14698
16926
1291
29081
26267
1924
21805
2674
16786
16983
3270
18864
30463
22747
29723
9555
30835
15276
10598
12925
30485
17827
4392
9337
30358
21245
8384
15613
3175
21434
14141
4524
7977
23876
30833
19167
14949
32593
24134
16293
19069
24586
29782
4873
21730
25453
29109
13971
136
25072
9489
30225
663
12903
26366
28822
17252
2855
1675
8900
20383
32364
25625
26183
27086
5624
11885
2722
20473
20989
30211
27438
2471
3901
2725
9823
21002
6256
22333
23114
29303
26342
12264
2660
8473
22125
17995
4749
14309
20597
14378
19277
22480
12914
27702
17245
19520
29570
12583
12905
17089
19792
21259
2324
11002
27704
6878
16957
21215
27308
27738
22912
4904
7126
30224
2816
8193
27006
10168
16484
20995
18735
25286
20256
31587
3221
6462
27638
7529
4394
20168
30652
4644
4882
12295
2399
32349
10050
13351
22824
8137
8424
31925
28990
19330
26119
26548
18285
12472
30562
2029
9253
13220
12188
30598
31430
29886
32157
14550
5914
22576
7736
6520
17443
8586
6410
19358
20504
30647
1189
10664
4522
25904
21998
22518
21131
10351
16067
14586
17201
26791
24545
26513
23512
8882
20997
11155
20166
25163
19026
7336
28626
7037
24051
26462
13607
14427
10497
26745
13638
12018
23719
4747
17994
13180
30852
20932
8816
23255
13136
25098
13782
16693
22211
19276
31107
2324
4786
30740
32680
18033
2940
6748
5413
10808
10148
21155
7247
512
24767
19776
1265
24565
7057
18933
1425
32533
19315
16839
31220
14240
25847
7949
2788
6089
25551
15304
816
29874
26603
6706
30197
1943
11746
2970
6684
27466
26259
14702
32548
3551
12812
17562
32545
27304
16811
28432
4613
8292
25986
936
26143
14259
2304
28715
25057
11725
25294
17834
29414
6004
23544
4885
20020
28711
29261
19977
1470
27033
6664
15848
5933
20321
25264
7471
22495
21235
25404
25860
25136
21455
12667
30479
26617
30712
26803
6539
3671
10408
905
31133
13998
18242
3360
10212
22765
11912
28037
17233
21267
21518
21835
17977
20978
7662
3186
10664
14130
16574
10382
21241
8346
14783
28196
32675
29835
14679
24920
9046
6093
4546
18885
27719
12431
32260
11693
25032
6824
21794
2130
20763
28963
32145
16291
31880
20731
13551
7451
16557
14627
32753
19943
9238
11209
22173
11847
1293
29916
24761
25654
22963
14796
22147
3405
13904
13969
22946
997
3560
19438
23133
32636
24847
17143
23819
5210
20221
27089
13258
22131
15589
28089
116
9104
1923
5703
4815
22698
29429
17908
30468
30358
19659
25563
18515
31208
29793
4796
7172
27153
15725
22854
6305
25546
24788
8086
3426
8886
28610
9723
7657
20034
31993
22780
22063
3537
28777
9884
15039
10262
14593
14556
10530
12736
20678
14722
7322
3933
18210
793
11027
20088
17790
25401
20054
6661
16915
21000
19840
19968
21756
17153
23218
28240
25488
29428
14603
1265
5616
22350
32467
11090
19164
4763
18425
17148
32203
4681
27840
8565
21306
14767
4277
13156
16196
15950
7652
23285
31347
6486
75
3455
14550
12908
13711
29797
22355
10154
1262
5434
29503
22247
29557
17704
8236
3129
18547
27538
12290
31161
13869
22520
16722
23686
31443
12059
2022
29453
3507
13154
925
10375
11437
27773
6518
6594
24039
29256
17130
22309
14786
24306
18303
2031
4364
11358
13466
21183
17271
201
1940
12121
23113
11950
15889
1447
15190
27622
16525
15870
2091
1044
23352
9891
32141
2624
14596
21134
26402
19906
5372
21869
31597
5730
5591
236
13312
27581
1997
1844
30188
27627
26793
9905
7805
30046
31264
17177
18468
10253
20065
4010
23477
466
749
11955
16850
6673
7593
27221
18599
16539
16433
27275
4569
978
9584
3176
7352
25101
7534
16032
16572
10814
31592
1866
11311
20434
10790
5860
15143
13784
23177
3224
15031
13670
100
20413
27750
25400
4492
8865
24032
22683
15155
21126
26860
905
369
10474
28574
16918
32036
524
10446
19723
11258
11435
4297
13776
1740
30481
21061
31631
21038
3408
15259
31638
23876
3276
5168
16637
8919
28921
26164
30601
167
15718
4240
1489
30979
2299
13593
4767
12952
20095
22282
31129
10887
9820
15793
29473
19642
19879
28520
29561
26231
7771
22727
1323
10037
23781
29720
8872
9135
32486
1291
21295
3896
20276
15532
3824
8014
4898
22929
11890
19825
5377
6232
26930
27446
14310
2129
10125
15511
30894
6263
11231
3213
64
28837
22253
28641
11026
27398
2944
10814
10735
16846
30035
27020
8183
17703
14127
19321
25063
11630
17493
24920
15002
23968
26908
9775
22736
10767
18139
6923
18991
30554
18185
32151
10119
17819
18851
19693
22106
31714
4814
4268
924
2019
15294
5707
15287
9707
10966
6317
17362
25881
22289
1525
6227
15306
23200
22427
13474
16469
6357
12480
2096
23033
31551
14014
15545
32275
2583
22532
12742
19860
25562
29985
20853
9907
22584
8222
8828
32479
10797
26129
15212
6392
15726
22255
31539
27582
13062
16290
10981
19594
14657
19035
27836
12860
4809
31018
7261
9332
6415
11980
1116
11013
15852
14788
3331
20902
20617
5549
18511
5099
2428
22222
32572
17780
8755
29679
9282
19045
31638
25195
20256
13333
6120
14471
9688
5643
27630
18946
22267
10022
19284
29421
2342
795
29772
1213
25549
8229
32376
2463
5431
19703
12554
21003
31178
19190
1066
156
18569
22693
20888
2079
26843
16480
30866
20458
21902
16206
30968
29295
12571
22673
18862
18960
28460
26815
28226
16437
14171
3478
4046
4764
25917
13803
7456
753
18847
28132
13849
9375
4367
15207
26195
15589
29599
7890
29446
26924
4581
3053
16429
32664
9030
28445
4324
24029
22901
4826
10005
6740
7478
31074
1619
19278
2152
32431
24070
22696
16706
22183
24265
2975
6877
15252
32528
20710
7922
24787
29454
24822
25830
32208
23510
17062
23043
1330
29120
23547
24329
23634
11790
1345
24293
9970
14287
21082
17088
31532
6148
1623
26427
4520
30978
25925
30457
17938
29975
22601
20063
31691
14448
6128
19607
15071
31290
20672
13787
6456
4360
30227
2800
17425
9845
14117
31216
15789
19978
19051
19533
9032
866
806
30227
3918
21387
25913
10861
27595
13744
11063
6507
18722
22261
29377
15106
3331
23971
783
19285
3479
26501
25036
23602
27901
18322
10791
8160
18682
18123
23079
20760
4844
27751
2622
23633
9216
4398
17186
11841
24997
16931
26072
19360
1601
13925
23057
5679
25122
23639
30394
25337
10423
16895
22735
17880
7680
23724
7280
13884
14403
29660
11318
28968
2561
13148
6855
15485
2088
10417
15016
28539
138
12215
26707
25733
21646
4744
14986
14372
19493
24735
3306
31055
5376
16702
6339
12010
16897
17676
4135
22156
24303
31491
28481
16517
27757
19593
30696
27936
22573
25821
2932
20261
17761
10165
22225
6050
14706
31526
1234
28395
245
26819
27335
16096
24795
23049
25425
29294
26599
29691
19317
20057
29798
22025
22000
18232
16922
16438
10442
30913
5239
25722
31022
8774
20754
26469
6521
19584
7766
21510
11665
31884
23160
1803
31096
6195
32430
21801
32289
24430
17052
28863
22658
7977
5135
21174
5866
328
14062
10923
30869
7656
8558
6736
19326
12775
26756
16399
23668
7846
20640
21745
11632
5901
22168
25023
26150
7632
17634
20327
13018
14577
10503
22176
1397
32391
15700
4817
27864
24253
6867
15407
30320
20253
18298
19750
19978
15119
29857
5883
4073
23964
442
2479
278
26744
5948
13094
8696
7232
28128
14729
20260
13824
5648
21736
25718
22008
21404
3108
5729
17312
25008
14604
30083
13033
13059
6086
20605
28358
592
25969
26625
3307
18186
21000
10541
3796
25164
18825
25111
5130
6159
22615
9385
418
10399
11997
19375
17158
7760
2165
22062
2040
9068
31112
3319
9171
29809
26870
9853
29204
17017
14520
23780
25626
6650
25028
10842
7210
8623
1840
8106
14774
17878
17563
2318
15071
9116
15305
21829
5944
18646
9613
29414
30669
7153
27116
6132
12388
44
895
10162
24066
2564
12825
10937
20145
22512
16554
3399
5761
25423
25187
6106
30157
23967
27419
22014
29887
28143
26354
24419
22550
25239
21812
14130
21287
11046
2688
13729
6946
11932
32297
12230
16279
20954
1756
20904
27705
16982
19075
24220
30689
22803
25962
19407
25814
10705
3232
26911
13899
4737
12193
3119
16169
24315
23857
29114
19983
21747
28555
18727
23191
15401
17339
7774
6108
14049
73
5595
4153
32403
12055
12032
11859
22755
11916
176
22361
22739
15858
9241
31370
16440
10525
16849
14840
5483
22350
29989
4236
16704
16727
31150
6475
18748
4863
22309
23511
31234
31655
32631
16953
5647
29230
4892
7133
23719
28691
16293
20958
32015
26585
27797
12421
18941
31408
10866
27148
16717
12625
6172
13991
15349
15402
12893
13765
23099
32443
16832
29842
38
27200
23207
15809
30258
27536
9112
5770
583
28741
21976
3310
3308
18205
11323
15170
9913
24480
13370
9451
522
11523
13638
20583
13563
12365
8796
17037
22416
28088
18906
16149
21043
20826
14225
29274
28772
18180
32027
26719
2988
2411
21614
29968
25298
27781
20658
29131
29010
10038
4432
29727
23307
24620
11084
25044
16440
520
15572
1579
3489
6846
24345
3174
7443
19006
27229
907
14861
1108
16461
20326
24252
10700
4242
10957
15657
15579
19363
7976
26802
13498
14301
5424
13239
13460
23765
25334
5525
10658
14573
31527
11480
5269
29989
8591
12716
564
2868
18653
27797
30534
4568
32166
1376
21426
9066
684
15962
28901
4789
607
28607
32628
25096
31140
22389
26626
12426
16342
4346
13157
4558
20490
18844
15876
935
14232
1256
14979
30270
19927
1380
18339
6753
6439
11649
7523
27166
1333
27851
5484
8081
20090
3427
4779
3578
18181
30127
3136
4370
22651
12880
16279
1696
26460
23636
19924
1607
31623
12205
18549
19362
20993
26082
28978
1683
15346
10501
12584
1495
28400
13029
2871
28638
10880
27780
3497
32218
22234
8652
1812
27927
237
7549
641
6794
22435
16746
20173
31916
3686
28389
5456
28553
18659
21368
17341
1811
29710
28118
19785
23485
12390
24336
1808
1349
12666
23564
9140
14289
13996
21300
4679
14142
309
6763
17515
5301
27497
14661
8119
27263
1340
9079
7773
2586
23046
30604
25354
20620
17283
5594
17422
5367
28190
9141
4541
25966
29295
20194
7189
1543
10242
25934
15265
26161
5466
5376
24988
72
8501
26701
29530
22375
26898
21067
29924
1918
24817
24456
18147
7076
8282
24315
31679
7854
160
5946
2055
6656
28775
23534
21012
30371
8292
6020
25833
29848
28004
7462
19038
11372
11152
22250
20606
20237
14063
9289
15917
6108
27948
31954
15118
9475
29850
11039
28323
10761
29813
13321
6838
12452
8811
15896
13560
23502
18778
3389
17385
24858
11612
26308
759
11337
28929
29060
4586
24856
24539
26201
13183
12125
16960
9428
24403
11602
7755
48
11011
11313
2596
22664
20114
15105
29569
21576
18443
19375
109
19938
25191
11872
27977
18882
9136
22278
3088
2179
26215
8497
18655
2403
8740
1577
22452
4340
10108
31033
28533
2069
21287
24141
13877
18209
31842
20160
17076
8550
8851
8303
22308
17625
7724
25362
14643
16903
22737
18380
19269
20559
20669
9984
19201
8783
27490
6247
22800
24220
23375
20831
11809
4278
7511
15750
8497
9787
20720
1416
25353
19546
28633
30773
4872
16779
10496
2519
4386
28541
25250
24002
12585
24912
10164
3628
13131
27141
1154
9791
9693
3891
5782
621
5207
3067
21467
2820
10143
61
19714
32002
7050
8204
28453
13610
11680
30560
2218
12631
26911
5643
5483
15377
29763
14319
5651
30302
17093
15725
30411
13274
20897
2081
18711
23818
20509
4044
21754
19438
23047
17297
17761
22229
10046
2917
29631
32117
21620
32193
5876
27707
10545
7577
22899
18912
32539
13458
6820
829
11894
7536
24455
2400
9191
4813
13979
13791
893
22033
4862
18796
31985
17054
25301
14506
13613
8523
25838
15168
26892
20500
420
20779
11617
4624
11011
12888
28730
7075
2093
23666
8038
12020
28668
13049
6196
23713
30441
26004
17534
15538
5165
4264
2278
13260
8742
19497
26720
6311
15867
7344
241
19906
19075
31438
17846
9046
6755
25761
6695
5512
1399
11684
12957
15074
28020
203
24082
30468
30155
18640
7464
17815
29392
29383
10861
12675
21531
16121
22494
19554
3630
5103
26026
14900
18265
1997
13880
9556
19419
5090
874
11947
3402
9852
31012
11811
12597
1793
22792
22366
29447
16443
2948
5801
23854
1268
16911
14891
7549
17091
3759
15202
30927
22309
5311
15569
8686
6863
14063
4082
30643
14147
26252
22386
28270
31394
30722
6557
10375
7617
8351
22296
614
12414
409
31182
5521
8277
25683
12332
30484
3374
3036
2193
13606
24697
16312
24832
22537
23165
29668
32537
27186
2541
12820
25671
19370
25021
10303
12858
21684
24883
93
13208
2992
577
25968
23791
29247
25106
22977
23023
11688
22499
17004
31446
3707
28180
19486
5675
15220
29055
3358
12975
929
2824
2186
3473
7111
6005
30436
20705
19203
12673
30669
3655
19117
8747
4367
20981
23937
11092
7905
25050
25089
24713
6503
32024
25621
542
21369
12217
29173
3708
5797
3741
14408
32187
16503
28599
10638
23412
17655
29306
13499
13008
14964
27789
20260
229
21120
3782
21919
8515
25660
22102
2278
26825
27606
7745
10557
25278
9039
25874
30037
25629
6274
6860
4207
26927
25698
2851
5060
29023
26499
14316
20261
19787
12252
14291
31967
4887
27595
27980
27873
11526
3673
10700
27425
13899
2240
4408
25915
6684
15658
20894
4955
10505
3772
803
10334
6284
13011
17468
19764
8417
10125
26145
27529
11543
29580
15743
2980
20840
4854
27501
18831
31686
13760
12962
9592
4790
13101
11493
13143
30305
22161
29892
28113
6120
26971
6025
12380
6905
7762
25450
7333
13728
16927
26112
28463
16991
21772
12027
1852
14464
29195
11027
9712
32426
9978
11074
10420
19379
8741
27696
17113
2485
22797
12783
31357
28516
3176
19432
27827
17310
19816
5397
7390
32580
26688
17521
21342
16713
22501
8621
20335
18696
10001
29221
20557
27355
25230
12818
14749
13033
177
28161
22280
10815
25125
20612
809
29219
20457
14375
13737
10660
6812
27045
15528
20854
16121
12892
9567
8701
13214
3839
6148
1960
17425
10891
10990
14720
7428
18812
28922
7681
28120
30016
18221
29224
17249
31724
9627
26317
32745
6190
30599
10291
5239
21890
16075
990
24401
1193
1659
8356
21439
21592
26821
32007
20242
25133
11291
10178
16101
22502
15253
26274
31907
26837
32400
16279
585
17295
21404
6155
23661
19429
12949
24178
32128
12565
14863
29219
22096
13377
11255
15718
22480
13087
7544
13774
16924
19187
24092
14025
25784
10170
23092
27253
13336
21416
31865
13493
22630
6869
21235
21637
6527
22324
31514
12170
19519
14532
6460
31725
9470
24074
24350
15466
4954
20670
26086
17060
2871
15045
24376
11196
24325
26463
24992
2849
3906
25762
21552
14250
13119
22823
15722
28386
24358
25091
31072
17059
11068
3320
6937
1254
16484
17133
32055
9689
3557
13980
17879
14386
3180
11147
25017
4035
12885
10557
15009
11855
32038
28329
11516
29341
13404
14827
199
15818
18795
14394
27053
739
30976
12826
21103
29876
4489
18386
30601
17882
759
21025
5395
12064
7106
15149
11237
12296
5934
25532
8702
15783
24782
26790
16935
21430
12614
23691
24275
7143
26708
18881
7242
8053
18450
4240
9734
14079
30069
30114
21341
11414
25114
29877
32609
17429
834
11155
6149
7600
31259
28996
10369
9936
4417
28034
25335
3359
13188
17517
27990
26590
16364
10880
30079
2943
24314
29892
20646
15216
15665
31043
10747
11829
20181
21440
1162
6073
243
25253
5216
11750
31649
4157
13040
23411
22919
15395
29365
5373
30878
22779
5656
1114
18488
4703
28051
32298
14401
3868
24855
30126
11716
9119
10411
25310
8368
2218
30807
20149
18141
27212
9024
31184
28746
25359
31252
20791
30889
14195
26792
9595
29213
26011
5856
22529
27970
23879
4304
29341
622
29698
14880
23906
54
27037
4277
9913
25396
4315
653
4529
31496
28782
23275
24214
24733
28706
2741
453
8622
26201
20506
15550
17800
6583
375
19835
3857
2846
32636
10241
8201
7133
4747
28212
24976
25636
14176
6639
21992
19900
7927
3412
14205
18164
26026
32097
2338
8671
17819
27332
31646
29628
18513
7409
19559
2230
15270
21361
429
16334
28128
8573
10138
25365
29982
10187
29401
20510
1526
8360
27733
1203
7516
29255
2627
25543
453
15193
23138
18092
24461
3549
8577
11910
1174
19514
5187
10752
32563
23691
3359
17213
9284
9786
25514
2578
16546
3536
18713
3698
31165
25355
19969
24361
8579
30002
30050
24781
388
16805
30948
4338
24916
28856
8800
2462
19505
5313
24226
22781
23014
24432
28014
341
32495
16735
21184
13627
10206
10218
27992
9224
9214
19777
22134
27271
9013
20155
28387
31728
19247
32110
15664
5914
10168
7420
322
7148
31338
1199
8463
21781
11657
22217
21154
2556
28203
16917
10085
27898
12700
450
23711
14792
10752
3953
5436
6195
28218
15245
24781
5911
22797
8155
13263
21386
25473
8274
13616
8280
32393
28204
1295
16816
12258
16701
24772
4380
30270
15236
18464
7606
14498
11008
2037
7322
17677
7620
19929
15767
8794
31822
10536
14378
14695
7701
7496
9388
6519
3169
10545
30154
23509
26463
26668
9782
27323
8565
12250
28316
12145
1235
20345
6104
27577
14155
21603
15718
17003
12386
30679
5145
13149
21927
6652
2320
3717
12611
28195
19687
8802
30418
15437
7978
10647
19057
23533
28175
15322
32280
19439
7780
17932
14635
3064
4038
19881
15947
6896
12564
867
17266
16062
14627
26890
4159
31058
22451
3759
22158
20201
29346
11017
31052
16780
17248
4888
13706
9690
26787
21767
25039
13576
16476
31319
14259
38
7657
13626
23465
10404
12428
32061
5917
532
11804
24362
30911
305
5626
1069
20254
7201
8263
13365
12664
32759
11604
22429
2768
16252
18778
15372
23362
24367
6252
8346
9108
25226
16041
19764
12045
16007
6326
14657
12170
21859
22636
1413
24526
24482
22989
19782
8218
26195
17469
4782
16637
12949
19439
19057
28782
22106
10141
19120
32024
12907
3708
8476
25589
7597
21103
5214
23582
4514
27258
21687
21730
50
378
8163
6677
13996
23828
23620
4778
29192
12524
28476
19845
2159
12823
21211
20618
19453
32466
11962
24058
2757
11892
30758
9215
20501
7585
23937
2693
19196
19137
230
4940
32266
22192
17932
59
7255
32183
14189
13304
14278
7356
18087
181
9355
5813
27682
